,Debt ratio %,Current Liability to Assets,Borrowing dependency (Debt To Equity),Current Liability to Current Assets,Net Income to Total Assets,Net worth/Assets,Persistent EPS in the Last Four Seasons (EPS),Working Capital/total assets
AAPL,0.3300066233140655,0.0598432339725872,1.7634898162746548,0.1559026623832207,0.2829244092925685,0.1436464401638531,6.15,-0.0203030431886153
ABBV,0.461507016292068,0.0297971975072944,4.677791170709658,0.1453114569792362,0.0853355426677713,0.1243038795432441,6.65,-0.0079391952739454
ABNB,0.1166949745229293,0.0036787629380221,0.4415044415044415,0.0039701231411075,0.1180321735877291,0.3466766429729392,3.07,0.4150766928544706
ABT,0.2253284612697815,0.0302399312179263,0.2259933440224201,0.0892404059625753,0.0931379134313119,0.4928396786587495,3.91,0.130779977968242
ACN,0.0617657998405091,0.0151655012473713,0.1222232876110468,0.0331672425419595,0.1478725922960667,0.4677307319682316,10.87,0.1330320360008031
ADBE,0.1477476830232056,0.021608687649549,0.27719369187222,0.0652512227656736,0.1750782256580158,0.5172464568378428,10.13,0.0461991533222897
ADI,0.1358223120319596,0.0010661132133985,0.1868558338459228,0.0108602849093315,0.0546408070398301,0.7249228515168774,5.29,0.0417179316672083
ADP,0.0554542448623788,0.0021627381152466,0.8989929070334073,0.0024888285536512,0.0467573198537456,0.0511398771488642,7.04,-0.0002838197379979
ADSK,0.2959532473260557,0.0090061453697817,2.992196209587514,0.0254414845854534,0.087200678109769,0.1213180758635304,3.81,-0.1158084339902521
AEP,0.4593690718900864,0.0665672401876977,1.829060333133936,0.6606007198445646,0.0246668963318476,0.2556280451142299,4.51,-0.0516051242438701
ALGN,0.0214825242889541,0.004467760052334,0.0364299468197143,0.0109611032213863,0.0607895463762538,0.6054791678540512,4.62,0.0550247001192176
AMAT,0.1944864567578715,0.0031804235575843,0.4004529690707056,0.0053375196232339,0.2441442789792711,0.4562598218962808,7.49,0.3705006360847115
AMD,0.0421089984327409,0.0046167505179047,0.0520715252130032,0.0207736866635594,0.0195324060372891,0.81015093222847,0.85,0.1343740751701687
ANTM,0.2339568744916784,0.0192284013954442,0.658661901038758,0.0626378768634267,0.0626308229017032,0.3699979478760517,24.84,0.3004719885081059
ASML,0.1006043086867951,0.0192190799979395,0.3613214391547367,0.033091496079753,0.1647298202235615,0.2906815020862309,14.14,0.1059264410446608
AVGO,0.5485230301254412,0.0060069079441357,1.786295269686918,0.0237786424556852,0.1569304700405466,0.310024710234952,27.37,0.1414353779573782
AXP,0.1822033898305084,0.0043859649122807,1.6538461538461535,0.0271473558475404,0.0329561403508771,0.1096491228070175,9.86,0.1710526315789473
AZN,0.3258245679357101,0.0574401708072924,0.8802425326217553,0.2452972159518434,0.0259216649565208,0.3838707337043832,1.06,-0.0268855653327529
BA,0.4062502291946284,0.0378555798687089,-3.5717694093371164,0.0473873067757457,-0.0368563092633114,-0.1158497447118891,-8.49,0.1116046681254558
BAC,0.1065644919000693,0.0088281204416289,1.214995931419435,0.0499414950924488,0.0090234850555904,0.0895520577859682,3.24,0.1924161161383627
BDX,0.3350369526050667,0.041164468961348,0.7094086963291681,0.267657535929247,0.0336078890694071,0.4779725696149922,5.93,0.0431291797332527
BKR,0.1900291079276297,0.0198063251513999,0.4484477069162906,0.0463952850877193,-0.0169099792282262,0.424943682162605,-0.59,0.0829700710921272
BLK,0.0849684508805746,0.0156000272044071,0.2735203648705982,0.1115840681058072,0.042455877852212,0.3208759819090693,34.31,0.1233209779984357
BMY,0.4175920917257984,0.0454451559595125,1.2371480643539468,0.1613317200161331,0.0655339805825242,0.3208118157405494,2.97,0.0826378847345589
CAT,0.4427787540795467,0.1376444601735352,2.0407735963413964,0.2575996345780518,0.0818129675506144,0.1936590068706296,12.73,0.1686294131286382
CDNS,0.1311583471249525,0.0194663457055586,0.2306459027854285,0.0585903055308662,0.1652599311942544,0.5343731865882329,3.13,0.1006727374412384
CEG,0.1436154079466181,0.0277558677439297,0.6179157345264727,0.1391025641025641,-0.0035600844187682,0.2348803001556204,-0.47,0.0460679187362766
CI,0.2199140401146131,0.0207945418669927,0.7312480337962339,0.103959708232025,0.0468693549731817,0.3117583303226524,21.3,-0.0882361114970958
CMCSA,0.3682433343997779,0.0067748518122631,1.159085669914221,0.0798588838999358,0.0191429404333884,0.3146166553298999,1.27,-0.0390166164609853
COP,0.1813519099747378,0.0044442549744748,0.3470481133457506,0.0222411861965971,0.1990855705592087,0.511600890982532,14.62,0.0486310202602606
COST,0.1348873441994247,0.0011376741576535,0.3820434487440597,0.0022326890139466,0.0921827759249446,0.3216968487984291,13.17,0.0402237945329302
CPRT,0.0203603102772447,0.0041052097021132,0.0231177117892748,0.0098953213573035,0.2053414817181227,0.8712973246253812,2.3,0.4698681299803498
CRM,0.1397568980447076,0.0179263320822668,0.2277050094056991,0.0671339268800909,0.0021042195672186,0.5903853352082469,0.21,0.0035913362805895
CRWD,0.1546103454007487,0.0025954234921039,0.4948392855919232,0.0035838030562043,-0.0362645079915806,0.2911826027446315,-0.78,0.3240212949663187
CSCO,0.0860667083636661,0.0116912406119018,0.1984631753162312,0.0299316392951493,0.1256569009170017,0.4231080189783196,2.83,0.1194761813578434
CSGP,0.1288821582282404,0.0042902860706435,0.1575853597294938,0.0069513930843193,0.0439695708523803,0.8176311251334429,0.93,0.5827589982469441
CSX,0.4320844785187328,0.0036027867913723,1.4530565915355926,0.0392309690828786,0.0993987402175987,0.301226379079977,1.95,0.0246707386905898
CTAS,0.3445643344478697,0.0436276950178072,0.8028836944052388,0.1350487446157517,0.1516776936922075,0.4060503315472105,11.92,0.1867984754621678
CTSH,0.0830440293161404,0.0101949361416087,0.1190269331016507,0.02504816955684,0.1282769437598028,0.6895025767421017,4.42,0.2188550302487116
CVS,0.3195504115656207,0.0151396342131201,1.0713905466364069,0.0526171553850369,0.0182455371810316,0.3110940751286825,3.16,-0.027808564231738
CVX,0.0627810338201383,0.0076209988785801,0.1639207520900099,0.0390123751067675,0.1381403055384173,0.6180692176059044,18.96,-0.1021578602221885
DDOG,0.2695541419937421,0.0073521091887387,0.5597060774459873,0.0094239738865659,-0.0166930018516718,0.4694091422805516,-0.16,0.5624363529385141
DHR,0.2332079021636876,0.0070065204505038,0.3852519522902988,0.0372095951646414,0.085465323058684,0.5937403675163011,9.8,0.0924955542382928
DIS,0.2368372238330941,0.0150762899558515,0.495794970314432,0.1055055330263248,0.0174482274309903,0.4665694319627169,1.73,0.0010165446322023
DLTR,0.4391698328760721,0.0629655852420066,1.140330572940661,0.2276703679854251,0.0701673609271091,0.3801347400975584,7.24,0.0923503937520903
DOW,0.2794355654460854,0.0166823424582941,0.8213170804221793,0.0493724666699223,0.076563866475257,0.3418642641453393,6.32,0.1463128888008844
DUK,0.430675546459546,0.0454726496541587,1.5635200974421437,0.6130691272122221,0.014518038157533,0.2773517482792085,5.08,-0.0207616921255911
DXCM,0.3884769484580939,0.1470964630821447,0.9596059113300492,0.216174225904928,0.0632824526587161,0.3953854999350854,0.88,0.3528386223269099
EA,0.1445872650271194,0.0049037818560071,0.2668312080076786,0.0166288737717309,0.0595883795229957,0.5418678950887882,2.9,0.0508210119622557
EBAY,0.4119676064787043,0.0551558752997601,1.5297939483942826,0.123789020452099,-0.0608633093525179,0.2471462829736211,-2.28,0.2586091127098321
ENPH,0.382267729475372,0.0294694385723734,1.3322341260064756,0.0401418381456989,0.1288346064559637,0.2676712231055546,2.94,0.5782043134864538
EXC,0.4310962084085633,0.0460204092334476,1.666959227639033,0.5981461286804798,0.0227689855163661,0.2595098008369254,2.2,-0.0033036528962023
FANG,0.2522744572112074,0.0003815483230951,0.4500775995861355,0.007183908045977,0.1740623449959937,0.5726658781334656,24.61,-0.0277004082567057
FAST,0.1415993008520865,0.0645693180319219,0.1981593591389959,0.0939900153609831,0.2389526447698192,0.6954227674449281,1.89,0.5052763487666535
FB,0.0946347899327949,0.0067896883490875,0.1277521130344208,0.0169051690516905,0.2371872496038846,0.7523420508835029,13.99,0.2034496677450643
GE,0.1363210759278175,0.0197986772640865,0.7083596613168204,0.0640437121030454,-0.0042096679392748,0.1784263784676808,-0.73,0.064114036992126
GEHC,0.3137236878389557,0.0005446820872217,1.530493273542601,0.0018033181053137,0.0707723591996804,0.3397726860089328,0.04,0.0496750063546243
GFS,0.1411731686780802,0.0124992993666274,0.2451267056530214,0.0384482758620689,0.081049268538759,0.5556302897819629,2.69,0.1531864805784429
GILD,0.4285344883315017,0.0359817004638204,1.2663450976646449,0.1492743153608721,0.0722800018996058,0.3357395007202672,3.66,0.0608507068116699
GM,0.4285366511363125,0.1468657801747482,1.6374629706484252,0.3860389642711371,0.0367675742414888,0.2567518946208296,6.17,0.0327491980290641
GOOGL,0.0788138276710393,0.0067813964694029,0.1116200449224589,0.0150307958372523,0.1641880940908493,0.7012571728941259,4.59,0.2549690087169828
GS,0.1989596879063719,0.0423023578363384,2.6153846153846154,0.151729215584829,0.0078092926490984,0.0811373092926491,32.49,0.0298196948682385
HON,0.3199906484311073,0.0714090726615817,1.0940336854125037,0.1780081658794332,0.0797591328783621,0.2781051786431152,7.33,0.0740907266158169
ICE,0.1211217419993401,2.0582696127365723e-05,0.7923339232529029,2.5486310665383856e-05,0.0077082196996984,0.1168376745669915,2.59,0.0428634646852391
INTC,0.2713015979234011,0.0239809338670971,0.5126811409457571,0.0866347927867161,0.0440245355650373,0.5569540315096402,1.95,0.1148855318144127
INTU,0.2488157394280972,0.0179923559529819,0.4090495679854479,0.0988706162076481,0.074493401600923,0.5928102689839186,7.38,0.0805509482945121
JD,0.1199068663390413,0.0333204535909281,0.3123930290393653,0.0564952118356813,0.0162805543889122,0.3584477110457791,6.69,0.1359664006719865
JNJ,0.2699763738142257,0.0681563470631557,0.7465464448489466,0.2309653850327341,0.095747633126621,0.4098880338140016,6.83,0.0214272753471592
JPM,0.1289646543216965,0.012010389162579,1.5932420928989517,0.0454279995047257,0.0102778618140988,0.0797469980846993,12.1,0.1638194494267601
KDP,0.2369144405729771,0.0172656596639466,0.4875512886905948,0.2352786540483701,0.0277022204217065,0.4847116924204718,1.01,-0.106892759997685
KHC,0.2210725399426014,0.0092472904444665,0.4090289504201168,0.1059896163099911,0.0261619877807607,0.5378011998276491,1.93,-0.0081535249080242
KLAC,0.4328746876998065,0.0025575752110328,2.207881299293532,0.0044941274902143,0.0639352523376831,0.1112440430677312,22.07,0.3651819372858235
KO,0.4353003983409305,0.0298826040554962,1.6814054011182933,0.1227037315745208,0.1031769132089302,0.2598557614566152,2.2,0.0379785043605747
LCID,0.2867672203468123,0.0013435309353518,0.5733156453830293,0.0021551180082849,-0.1655566185461081,0.5520458958087063,-0.78,0.3940573948902165
LIN,0.2338123225581511,0.0717567601496397,0.4697773329997498,0.4381083774047674,0.0537422481106731,0.5024981797182957,8.3,-0.0612744482663386
LLY,0.3552019261516468,0.0303315026530719,1.6874821275378895,0.0832349108652859,0.126183577221973,0.2151918173037676,6.93,0.0970179713799611
LOW,0.8826360607182525,0.0367438455202708,-2.755132562882393,0.0748997295028448,0.1472728104694792,-0.3261187883225039,10.2,0.1077148348128489
LULU,0.1972681181374498,0.0370912414005398,0.3310430243163108,0.0658253184965878,0.1524512585789502,0.5615797503066682,6.7,0.3204064249252457
MA,0.3998356276967331,0.0070757153186654,2.920825515947467,0.0165000602191978,0.2564301208552835,0.1626381572151637,10.26,0.0715060427641772
MCHP,0.3933892476008381,0.0854107743902066,0.9886852124785064,0.455543609292021,0.136692669040885,0.3978913031526606,4.07,-0.0030115514071214
MDLZ,0.3120105514796801,0.037689183682073,0.8045203344197251,0.2657813893568526,0.0383074998946051,0.3777771532159469,1.97,-0.0823484773963266
MDT,0.2678893433610415,0.0002199058802832,0.4732435949730979,0.0009227220299884,0.0416061925495887,0.5660707217310991,2.85,0.1388045916347803
MELI,0.388705020773185,0.1654775771694816,2.7058823529411766,0.2075230530448279,0.0350902737332556,0.1330081537565521,9.57,0.1826587070471753
META,0.1494652855694857,0.0073602653356808,0.2209623783004126,0.0229558850694386,0.1249145250825135,0.6768698142973288,8.63,0.1459238559821673
MMM,0.3460094697777588,0.0473361317403939,1.0568041169956357,0.1497140522875817,0.1246582714454848,0.3179420945000538,10.21,0.0948659993542137
MRK,0.2852239415191658,0.0178270428728471,0.6564888756031942,0.0544762331336431,0.1330707218761451,0.4213173323561744,5.73,0.0940912422132649
MRNA,0.0459274611398963,0.0075798592311857,0.0587393309653819,0.0145931055021964,0.3233815453631371,0.7395390208059401,21.26,0.3334751334209915
MRVL,0.2097812617854641,0.0259478467816056,0.3015702954065793,0.1781109993599707,-0.0072595361888989,0.6943047051562687,-0.19,0.0062827178637871
MS,0.2157272581806544,0.0043508431823939,2.567313986471744,0.0398547068913328,0.0094718745737063,0.0848486440366335,6.23,-0.1911058089475704
MSFT,0.1592315463787333,0.0075348097796294,0.310874601274893,0.0162007024822611,0.1993695866681284,0.4564795526806271,9.7,0.214335050981252
MU,0.2108404384896467,0.001553942941629,0.3049884373967624,0.0047288921537119,0.1310592459605027,0.752938159105653,7.81,0.2508938943620536
NEE,0.4272029608664888,0.061094157989115,1.6467969041402462,0.7197924388435878,0.0204234435461037,0.2468241734042218,1.63,-0.0744203605247428
NKE,0.3235725133889318,0.0114838400255788,0.8671808054841473,0.017101817316086,0.1610934960432709,0.3731315445898057,3.27,0.424875436305987
NVDA,0.2674988753936122,0.0303530668738769,0.4850326264274062,0.0541758765656828,0.1060657568840755,0.5366665047836433,1.76,0.4279296780146666
ODFL,0.0201664767702328,0.004133418481754,0.0266827777079347,0.0214192387602544,0.2846187231456968,0.7549517320056793,12.26,0.0676702606740365
ON,0.2851323497062969,0.0135242309137204,0.5427729528535981,0.0282752120640904,0.1589347581082773,0.5166339691948074,4.39,0.2618274408314897
PAYX,0.082084882045058,0.0009671546688917,0.2478243444406275,0.0013549235530877,0.1476617613593264,0.3312220283698703,4.32,0.1633448380490025
PCAR,0.4964337399214389,0.0981352646842271,1.2454257311626566,0.3177329117003162,0.0905050262204925,0.3956995386996438,5.76,0.1011014109479947
PDD,0.0707087730990924,0.0610989788784244,0.1341773322365989,0.066881770182254,0.1330046737990033,0.4966722939591675,24.96,0.4419210854010248
PEP,0.4489047956836697,0.0370334211982166,2.45082736767985,0.1585031802776359,0.0973890027878117,0.1860240597915107,6.45,-0.0369900311323722
PFE,0.1785478767182811,0.0149336227092481,0.3459146281073586,0.0574533252697087,0.159229435209882,0.4850815898096406,5.59,0.0685374684340233
PG,0.3053040859066674,0.0737577639751552,0.8055965302393167,0.3992518357733339,0.1262115213978568,0.3997508702477647,6.0,-0.1341631970513958
QCOM,0.3305281005748314,0.0396825396825396,0.811503705959996,0.093852538120054,0.2649447096747868,0.3675072428285796,11.52,0.2286489574407312
REGN,0.0898805385247455,0.0246452960002738,0.1149937008410228,0.0326313070198099,0.1485016002327611,0.7757791507641754,40.51,0.4726796624963631
ROST,0.420866172490826,0.0488933633253414,1.3297469652440286,0.0950040110249236,0.1127004188808928,0.3196507902269025,4.4,0.2428703451871033
RTX,0.2234032022569229,0.0076795246248363,0.4960505529225908,0.0287444337110948,0.0335318259643468,0.4571960922550105,3.52,0.0338402658878034
SBUX,0.856698940892726,0.113290967317645,-2.881108276810589,0.4516078476071067,0.1173548165727847,-0.311190060904126,2.86,-0.0741858004746518
SIRI,0.984834879776514,0.0245459988026342,-3.028843203436637,0.2369942196531791,0.1210337258032328,-0.3343643983236878,0.31,-0.1812013570145679
SNPS,0.070467049858989,0.0057627414144719,0.1183025858478402,0.0180152549118406,0.1038890381879037,0.5856523729288124,6.44,0.0437726897192604
SO,0.4493306420493336,0.0525683700172732,1.9834250524109007,0.6807795698924731,0.0254131113269232,0.2254264554343877,3.28,-0.0321592989895545
SPGI,0.1971656133109764,0.0036579049592127,0.3362386582348089,0.0398800070584083,0.0570050498510941,0.5903955716690406,10.25,-0.0092580603392464
SYK,0.3546293782242737,0.0322904240321006,0.7730689553122225,0.115912408759124,0.0639301594187181,0.4504934388894914,6.23,0.1162834833532154
T,0.3888937394137295,0.0188579953481791,1.568443398124673,0.2294611574241875,-0.0170632960409876,0.2420237654926238,-0.96,-0.0701173877320015
TEAM,0.3360789203672094,0.0120903033018505,2.2158391253497105,0.0213968221206852,-0.1679670927637282,0.0998460076532054,-2.42,0.1700589014776244
TGT,0.3610930009587728,0.0024374238305052,1.6226626454114603,0.0072845455564272,0.0521233711446517,0.2105934189556576,6.02,-0.039261273085216
TMO,0.372467197701198,0.057344023023949,0.8333018199007327,0.2199487482751823,0.0715386987357385,0.4525850549902354,17.73,0.0444547229931133
TMUS,0.5235163412997864,0.0465462907759134,1.6440642510272694,0.515917553888918,0.0122552498840719,0.3295952455308558,2.07,-0.0235168308586245
TRV,0.0616128160064891,0.0008641772600395,0.3163283012319972,0.007253735673872,0.0316461712626493,0.1863166172645333,11.91,0.8090254673038534
TSLA,0.0308177766517337,0.0182418810269863,0.0556873517293045,0.0367084585868954,0.1528698778206903,0.5429327892346183,4.02,0.1889892880565474
TXN,0.3465434633812457,0.0183776234057411,0.6643049268516696,0.0356607945225019,0.321571654353659,0.5357812327709781,9.48,0.4454368361083545
UNH,0.2488305443829116,0.0126574550782442,0.8225026508663381,0.0450274363317841,0.0839991046173256,0.3314950855700942,21.47,-0.0919273112065281
UNP,0.5308179723502304,0.0256382832434414,2.811707082061988,0.4245951417004048,0.1069229476386193,0.1858393558343137,11.24,-0.03286528441993
USB,0.1449638542916892,0.0462592897207341,1.8668025439242104,0.2286333706869401,0.0086321233541541,0.0752306221797408,3.86,0.1123939508450589
UTX,0.7010077585960091,0.0169200377909473,2.3445683918226647,0.0630450436034882,0.0396303930831114,0.2989922414039909,6.40931,0.0208351226774313
V,0.2375194513284537,0.0263154816902726,0.5343186827434202,0.0744909783148485,0.1749336265072923,0.4161471795651513,7.01,0.1118115577595583
VRTX,0.0415933214575581,0.0049253756012098,0.0546828987756629,0.0070497504199096,0.1830212275975296,0.7665019365430915,12.97,0.5476037000920064
VZ,0.4721351491596861,0.0371286346396965,1.9199745916906208,0.3723749900943022,0.0572798145806995,0.2400547829751369,5.06,-0.0317267172355667
WBA,0.3695451549110086,0.0371155297146154,1.2411526278142988,0.1979055733049343,0.0451045226576716,0.3258399538413741,5.02,-0.106830588966313
WBD,0.3747013416651351,0.0027238602696994,1.0523485891259463,0.0260732909493535,-0.0544548175013619,0.3514526010999917,-3.76,-0.0197983597137334
WDAY,0.2456019092122145,0.0067730526481884,0.5477931753054556,0.0112654756454681,-0.0271943146784151,0.4141679836882606,-1.44,0.2839193554199473
WFC,0.1348987489397794,0.0271900930135628,1.4046244369866645,0.1777973225242387,0.006848426594989,0.0956339552667281,3.25,0.1279345842884909
WMT,0.2606252524963987,0.0271218326028826,0.8820799668531178,0.0869788579332147,0.0463819072772604,0.315016614843689,4.29,-0.0698028810015731
XEL,0.4273033062597424,0.0356442439694057,1.5484599833511714,0.4239891135303266,0.0283715761260377,0.2725207557037327,3.17,-0.0230110479178923
XOM,0.1122069680619214,0.0017178452692871,0.2086015552256084,0.0064938390470239,0.1560069038954986,0.5284921166075537,13.26,0.0827979743515405
ZM,0.0106755808491121,0.0028038653726317,0.013968041909797,0.0035853560153117,0.0127596174489254,0.7636020381234648,0.35,0.5811698110189818
ZS,0.3795336787564767,0.0092139381112838,2.0203401444266675,0.0115658319621987,-0.137777675792937,0.2023889164444083,-2.77,0.4370823941412062
